5 0 0 0 0 0 0 0 0 10 0 0 6 15 0 4
0 0 0 0 0 0 0 11 0 0 4 0 16 0 0 1
0 0 0 0 0 0 4 9 0 0 0 0 0 0 0 11
0 0 0 0 0 0 0 1 0 0 0 0 0 0 0 0
0 0 0 0 5 0 0 0 0 0 0 14 0 0 0 0
0 0 0 0 0 0 0 0 0 11 1 15 0 0 0 0
1 0 0 0 0 0 0 0 0 4 0 0 14 5 0 0
0 0 0 0 0 0 0 4 0 6 0 0 11 10 1 0
6 0 0 0 0 0 3 0 15 0 0 0 0 0 0 0
0 0 4 1 2 0 13 0 11 14 0 0 0 0 0 0
0 0 0 0 4 14 12 0 0 0 2 0 0 16 11 0
0 0 0 0 8 0 0 0 0 13 12 10 0 0 0 2
0 5 0 0 0 0 0 0 4 0 0 0 9 2 6 12
0 0 1 4 0 10 0 0 16 5 0 0 0 8 0 14
12 0 0 8 0 4 0 0 0 0 0 0 10 0 0 0
14 0 15 0 11 0 6 0 10 0 0 0 0 4 0 16
